0.000000000000000000e+00
-1.016653049394526276e+00
-2.183917908896213067e+00
-3.737391078105374742e+00
-6.208123641173266094e+00
-1.134871536273796444e+01
-3.134720655758498964e+01
6.776318214256900774e+01
1.803214047465262482e+01
1.084622985653120963e+01
7.924944487353897671e+00
6.321868758964090951e+00
5.299351011112141130e+00
4.584966830286920647e+00
4.054456134710398452e+00
3.642912055166973140e+00
3.313042002741566350e+00
3.041844642892796546e+00
2.814331648246721773e+00
2.620297994449844126e+00
2.452541705209003275e+00
2.305826112821530050e+00
2.176246237771081393e+00
2.060826586533122562e+00
1.957257143423804635e+00
1.863715036984614493e+00
1.778740999494386354e+00
1.701151866707358629e+00
1.629977371863530866e+00
1.564413678433301369e+00
1.503788674192764629e+00
1.447535676630661960e+00
1.395173250955298094e+00
1.346289535756654221e+00
1.300529932976248304e+00
1.257587357693971564e+00
1.217194417321425970e+00
1.179117115168813790e+00
1.143149720881927234e+00
1.109110568849872358e+00
1.076838591678114909e+00
1.046190441947029814e+00
1.017038088158278786e+00
9.892667955125500345e-01
9.627734209962852674e-01
9.374649667180908752e-01
9.132573465732310991e-01
8.900743319837278733e-01
8.678466381033216326e-01
8.465111493853076929e-01
8.260102331532064301e-01
8.062911520428533985e-01
7.873055485427171707e-01
7.690089941280340291e-01
7.513605934415301668e-01
7.343226357694523365e-01
7.178602873023918196e-01
7.019413186858534104e-01
6.865358631879335816e-01
6.716162015257196582e-01
6.571565684573387189e-01
6.431329887115191379e-01
6.295231083587324861e-01
6.163060718085242584e-01
6.034623902394431472e-01
5.909738312630532509e-01
5.788233179406861995e-01
5.669948374491358134e-01
5.554733583169469968e-01
5.442447553077559563e-01
5.332957411348770993e-01
5.226138042844938880e-01
5.121871523297603090e-01
5.020046603340831970e-01
4.920558220455018006e-01
4.823307103195636492e-01
4.728199326223297971e-01
4.635145975347813030e-01
4.544062803271237128e-01
4.454869921164842372e-01
4.367491513993971841e-01
4.281855577918147748e-01
4.197893677608617313e-01
4.115540722023235398e-01
4.034734756664710709e-01
3.955416771249504748e-01
3.877530520862509933e-01
3.801022365836221883e-01
3.725841098495625836e-01
3.651937830227296455e-01
3.579265833900006077e-01
3.507780428976828846e-01
3.437438864383766113e-01
3.368200210310772214e-01
3.300025257120279276e-01
3.232876420825655517e-01
3.166717654636214130e-01
3.101514366148521162e-01
3.037233339701282953e-01
2.973842663548040832e-01
8.029113116541837769e+01
2.849610828795152706e-01
2.788711771532914607e-01
2.728587150094621272e-01
2.669210625597802089e-01
2.610556809507804665e-01
2.552601216204011259e-01
2.495320218179488680e-01
2.438691003713137073e-01
2.382691537008867488e-01
2.327300520372912462e-01
2.272497358575992221e-01
2.218262125173597887e-01
2.164575533606447610e-01
2.111418882152483745e-01
2.058774089287320752e-01
2.006623586214349997e-01
1.954950341911781964e-01
1.903737823933961959e-01
1.852969975798829383e-01
1.802631194782825519e-01
1.752706310675998802e-01
1.703180565558847226e-01
1.654039594488928566e-01
1.605269407016739480e-01
1.556856369450019262e-01
1.508787186157074522e-01
1.461048915111999857e-01
1.413628841897587307e-01
1.366514638796370029e-01
1.319694211574619080e-01
1.273155739479236992e-01
1.226887655490067619e-01
1.180878633496009744e-01
1.135117576194800137e-01
1.089593603481583961e-01
1.044296041344967008e-01
9.992144110506334664e-02
9.543384187638209726e-02
9.096579455508174705e-02
8.651630217022016067e-02
8.208438969475695401e-02
7.766908721294862872e-02
7.326944495505544053e-02
6.888452447932136291e-02
6.451339942269457284e-02
6.015515468857302039e-02
5.580888565161523651e-02
5.147369737614479468e-02
4.714870386041372652e-02
4.283302728988219732e-02
3.852579730818872505e-02
3.422615030013928528e-02
2.993322873282597274e-02
2.564618009922711717e-02
2.136415716232552275e-02
1.708631611515973314e-02
1.281181664840568002e-02
8.539821070349208620e-03
4.269493657503373868e-03
0.000000000000000000e+00
