1.187580146829999883e+01
1.213956688934583461e+01
1.300912331611855599e+01
1.478549024954616975e+01
1.832157160889886427e+01
2.660899401564070388e+01
6.072798104559380761e+01
-1.113800128760484256e+02
-2.562691081078162014e+01
-1.351548449044591038e+01
-8.750710789271728629e+00
-6.236023144749164970e+00
-4.699094615625721616e+00
-3.672312821844518460e+00
-2.943872802271282119e+00
-2.404141043688651891e+00
-1.990821302011283045e+00
-1.665982402460173706e+00
-1.405262667336987681e+00
-1.192336184663937315e+00
-1.015876037470255344e+00
-8.677934517253109714e-01
-7.421693026853910524e-01
-6.345805171398094524e-01
-5.416613807220101995e-01
-4.608096963169516780e-01
-3.899850875941646144e-01
-3.275675371894476440e-01
-2.722562569214598271e-01
-2.229961463175014202e-01
-1.789234863718501822e-01
-1.393252772687869623e-01
-1.036084059398079127e-01
-7.127599595603062443e-02
-4.190908123155223652e-02
-1.515224201565457118e-02
9.297708523569259143e-03
3.170076075500627422e-02
5.228094740551614272e-02
7.123219769228827936e-02
8.872310095574698074e-02
1.049008074815703795e-01
1.198942416870156791e-01
1.338167636199778521e-01
1.467683850382400790e-01
1.588376237589738116e-01
1.701030627196271627e-01
1.806346633821021008e-01
1.904948921199319800e-01
1.997396543885855413e-01
2.084191195939255614e-01
2.165784125811176519e-01
2.242582136008227645e-01
2.314952758401455091e-01
2.383228736603465459e-01
2.447711920013554421e-01
2.508676656519007730e-01
2.566372756609339723e-01
2.621028089886080492e-01
2.672850865307613288e-01
2.722031638675529996e-01
2.768745084099341613e-01
2.813151560733151979e-01
2.855398501465318817e-01
2.895621646441572383e-01
2.933946140893957666e-01
2.970487514204345203e-01
3.005352554653676345e-01
3.038640092423351979e-01
3.070441701703329751e-01
3.100842331361490789e-01
3.129920872391380726e-01
3.157750669412107136e-01
3.184399985349820605e-01
3.209932393398725603e-01
3.234407220243943337e-01
3.257879806488668817e-01
3.280401869600896858e-01
3.302021771559032759e-01
3.322784776857746758e-01
3.342733286996499298e-01
3.361907054345484314e-01
3.380343377499726021e-01
3.398077280015506796e-01
3.415141674047410536e-01
3.431567510398967347e-01
3.447383916748584798e-01
3.462618314551944021e-01
3.477296568697084145e-01
3.491443042154727117e-01
3.505080736502195204e-01
3.518231366771324420e-01
3.530915447446023592e-01
3.543152370132049978e-01
3.554960475338594383e-01
3.566357118883756172e-01
3.577358733397107970e-01
3.587980885376872986e-01
3.598238328069057745e-01
3.608145050616032301e-01
3.617714323702644341e-01
3.626958742026025195e-01
3.635890263765261254e-01
3.644520247408860047e-01
3.652859486010923140e-01
3.660918239168872157e-01
3.668706262861045619e-01
3.676232837286717015e-01
3.683506792874158275e-01
3.690536534614953790e-01
3.697330064831719221e-01
3.703895004503607868e-01
3.710238613477013780e-01
3.716367814492872457e-01
3.722289167922429587e-01
3.728008999299174953e-01
3.733533275819908015e-01
3.738867709186594057e-01
3.744017743875199256e-01
3.748988571411778215e-01
3.753785142442266354e-01
3.758412178044949759e-01
3.762874180301647442e-01
3.767175442286703202e-01
3.771320057455941344e-01
3.775311928827239649e-01
3.779154780402511626e-01
3.782852110289300906e-01
3.786407389558629211e-01
3.789823768142174254e-01
3.793104322140072870e-01
3.796251967295329877e-01
3.799269476334623530e-01
3.802159485012569506e-01
3.804924497258498350e-01
3.807566890023915684e-01
3.810088917842247014e-01
3.812492716928059799e-01
3.814780309267234992e-01
3.816953606273496558e-01
3.819014412323831209e-01
3.820964427945541253e-01
3.822805252951055888e-01
3.824538389230653923e-01
3.826165243434347385e-01
3.827687129429243607e-01
3.829105270589010512e-01
3.830420801944958153e-01
3.831634772075320772e-01
3.832748144969551074e-01
3.833761801662162183e-01
3.834676541699535424e-01
3.835493084571004463e-01
3.836212071635258791e-01
3.836834061118347128e-01
3.837359545023558693e-01
3.837788929889984768e-01
3.838122550263624033e-01
3.838360665596662891e-01
3.838503460882600749e-01
0.000000000000000000e+00
